    1   24   29    1    1     /HYDROGEN           /SUMMERS ET AL 1996
--------------------------------------------------------------------------------
   7.69897   8.00000   8.30103   8.69897   9.00000   9.30103   9.69897  10.00000
  10.30103  10.69897  11.00000  11.30103  11.69897  12.00000  12.30103  12.69897
  13.00000  13.30103  13.69897  14.00000  14.30103  14.69897  15.00000  15.30103
  -0.69897  -0.52288  -0.30103  -0.15490   0.00000   0.17609   0.30103   0.47712
   0.69897   0.84510   1.00000   1.17609   1.30103   1.47712   1.69897   1.84510
   2.00000   2.17609   2.30103   2.47712   2.69897   2.84510   3.00000   3.17609
   3.30103   3.47712   3.69897   3.84510   4.00000
---------------------/ IPRT= 1  / IGRD= 1  /--------/ Z1= 1   / DATE= 19/04/99
 -11.85004 -11.83456 -11.81598 -11.78592 -11.75831 -11.72589 -11.67515 -11.63013
 -11.57840 -11.49784 -11.42622 -11.34403 -11.21661 -11.10270 -10.96764 -10.74476
 -10.54067 -10.31153  -9.97941  -9.71130  -9.43340  -9.05681  -8.76680  -8.47302
 -11.99890 -11.98826 -11.97544 -11.95457 -11.93528 -11.91261 -11.87703 -11.84528
 -11.80856 -11.75098 -11.69941 -11.63982 -11.54634 -11.46095 -11.35665 -11.17965
 -11.01545 -10.82923 -10.55283 -10.32433 -10.08514  -9.75693  -9.49652  -9.22354
 -12.17636 -12.16985 -12.16198 -12.14908 -12.13709 -12.12296 -12.10069 -12.08068
 -12.05738 -12.02055 -11.98731 -11.94860 -11.88711 -11.82975 -11.75853 -11.63727
 -11.52511 -11.39658 -11.20068 -11.03632 -10.86329 -10.61579 -10.40337 -10.16673
 -12.28986 -12.28520 -12.27955 -12.27025 -12.26159 -12.25137 -12.23520 -12.22061
 -12.20356 -12.17648 -12.15193 -12.12319 -12.07707 -12.03331 -11.97838 -11.88494
 -11.79878 -11.69921 -11.54646 -11.41948 -11.28518 -11.08358 -10.90096 -10.69436
 -12.40895 -12.40571 -12.40177 -12.39527 -12.38920 -12.38201 -12.37062 -12.36029
 -12.34818 -12.32885 -12.31124 -12.29053 -12.25698 -12.22480 -12.18433 -12.11600
 -12.05304 -11.97956 -11.86665 -11.77322 -11.67221 -11.51195 -11.36214 -11.19568
 -12.54424 -12.54215 -12.53959 -12.53533 -12.53134 -12.52661 -12.51908 -12.51222
 -12.50414 -12.49119 -12.47934 -12.46532 -12.44240 -12.42028 -12.39255 -12.34608
 -12.30313 -12.25255 -12.17500 -12.11056 -12.03829 -11.91804 -11.80583 -11.68728
 -12.64088 -12.63936 -12.63750 -12.63440 -12.63148 -12.62802 -12.62247 -12.61741
 -12.61144 -12.60184 -12.59302 -12.58255 -12.56536 -12.54876 -12.52801 -12.49336
