    1   24   29    1    1     /HYDROGEN           /SUMMERS ET AL 1996
--------------------------------------------------------------------------------
   7.69897   8.00000   8.30103   8.69897   9.00000   9.30103   9.69897  10.00000
  10.30103  10.69897  11.00000  11.30103  11.69897  12.00000  12.30103  12.69897
  13.00000  13.30103  13.69897  14.00000  14.30103  14.69897  15.00000  15.30103
  -0.69897  -0.52288  -0.30103  -0.15490   0.00000   0.17609   0.30103   0.47712
   0.69897   0.84510   1.00000   1.17609   1.30103   1.47712   1.69897   1.84510
   2.00000   2.17609   2.30103   2.47712   2.69897   2.84510   3.00000   3.17609
   3.30103   3.47712   3.69897   3.84510   4.00000
---------------------/ IPRT= 1  / IGRD= 1  /--------/ Z1= 1   / DATE= 19/04/99
 -37.87042 -37.83901 -37.80371 -37.75084 -37.70581 -37.65623 -37.58411 -37.52437
 -37.45940 -37.36387 -37.28296 -37.19324 -37.05794 -36.93860 -36.79741 -36.56496
 -36.35321 -36.11589 -35.76914 -35.48399 -35.18291 -34.77259 -34.46404 -34.16503
 -27.99641 -27.97238 -27.94513 -27.90387 -27.86841 -27.82928 -27.77226 -27.72490
 -27.67332 -27.59755 -27.53359 -27.46295 -27.35687 -27.26284 -27.14977 -26.96037
 -26.78652 -26.59027 -26.29796 -26.05311 -25.79271 -25.43327 -25.15464 -24.87493
 -20.07382 -20.05674 -20.03719 -20.00720 -19.98115 -19.95225 -19.90986 -19.87442
 -19.83566 -19.77859 -19.73045 -19.67739 -19.59788 -19.52712 -19.44198 -19.30150
 -19.17507 -19.03276 -18.81808 -18.63745 -18.44509 -18.16940 -17.93952 -17.69488
 -16.63939 -16.62645 -16.61152 -16.58840 -16.56813 -16.54550 -16.51202 -16.48377
 -16.45262 -16.40630 -16.36673 -16.32247 -16.25444 -16.19228 -16.11699 -15.99548
 -15.88961 -15.77255 -15.59913 -15.45699 -15.30657 -15.08271 -14.88651 -14.67406
 -14.05945 -14.04939 -14.03771 -14.01949 -14.00342 -13.98537 -13.95850 -13.93566
 -13.91030 -13.87223 -13.83931 -13.80193 -13.74322 -13.68878 -13.62317 -13.51990
 -13.43209 -13.33619 -13.19722 -13.08630 -12.96858 -12.78692 -12.62424 -12.45197
 -12.02119 -12.01380 -12.00516 -11.99155 -11.97943 -11.96574 -11.94516 -11.92750
 -11.90771 -11.87760 -11.85106 -11.82024 -11.77052 -11.72373 -11.66776 -11.58180
 -11.51028 -11.43331 -11.32491 -11.24044 -11.14993 -11.00707 -10.88117 -10.75574
 -10.97804 -10.97219 -10.96532 -10.95441 -10.94464 -10.93353 -10.91672 -10.90218
 -10.88579 -10.86059 -10.83806 -10.81154 -10.76815 -10.72715 -10.67834 -10.60387
